Year,Country-of-origin,UNHCR-refugees,Asylum-seekers,total-count
2012,Afghanistan,2609,411,3020
2012,Albania,1764,579,2343
2012,Algeria,513,284,797
2012,Angola,753,21,774
2012,Antigua and Barbuda,40,30,70
2012,Egypt,597,239,836
2012,Argentina,258,19,277
2012,Armenia,200,36,236
2012,Australia,6,5,11
2012,Austria,0,5,5
2012,Azerbaijan,598,42,640
2012,Bahrain,5,5,10
2012,Barbados,50,56,106
2012,Burundi,2315,179,2494
2012,Belgium,17,13,30
2012,Benin,56,12,68
2012,Bermuda,0,5,5
2012,Bangladesh,1917,235,2152
2012,Bahamas,15,32,47
2012,Bhutan,19,0,19
2012,Burkina Faso,141,20,161
2012,Belarus,300,23,323
2012,Bolivia (Plurinational State of),160,17,177
2012,Botswana,109,99,208
2012,Brazil,175,73,248
2012,Bosnia and Herzegovina,91,58,149
2012,Bulgaria,928,62,990
2012,Belize,6,0,6
2012,Cambodia,176,65,241
2012,Central African Rep.,63,5,68
2012,Chad,543,22,565
2012,China,16813,3165,19978
2012,Chile,124,32,156
2012,Cameroon,864,157,1021
2012,Congo,287,46,333
2012,Dem. Rep. of the Congo,4211,470,4681
2012,Comoros,5,5,10
2012,Colombia,17563,1254,18817
2012,Costa Rica,282,18,300
2012,Cuba,1708,166,1874
2012,Czechia,222,188,410
2012,Denmark,6,0,6
2012,Djibouti,233,145,378
2012,Dominica,41,7,48
2012,Dominican Rep.,148,102,250
2012,Ecuador,216,41,257
2012,Equatorial Guinea,12,7,19
2012,Eritrea,1547,186,1733
2012,Estonia,12,17,29
2012,Ethiopia,2059,153,2212
2012,Fiji,395,19,414
2012,Finland,0,6,6
2012,France,40,33,73
2012,Gabon,55,11,66
2012,Gambia,59,34,93
2012,Palestinian,674,53,727
2012,United Kingdom of Great Britain and Northern Ireland,69,14,83
2012,Georgia,504,136,640
2012,Germany,89,15,104
2012,Ghana,356,92,448
2012,Guinea-Bissau,24,0,24
2012,Greece,14,107,121
2012,Grenada,292,28,320
2012,Guatemala,770,294,1064
2012,Guinea,914,142,1056
2012,Guyana,638,55,693
2012,Haiti,6798,561,7359
2012,"China, Hong Kong SAR",12,56,68
2012,Honduras,596,414,1010
2012,Croatia,57,1172,1229
2012,Hungary,766,3697,4463
2012,Cote d'Ivoire,420,92,512
2012,India,5287,1284,6571
2012,Indonesia,351,39,390
2012,Ireland,7,10,17
2012,Iran (Islamic Rep. of),3212,396,3608
2012,Iraq,1745,170,1915
2012,Israel,673,283,956
2012,Italy,15,41,56
2012,Jamaica,504,326,830
2012,Jordan,402,114,516
2012,Japan,20,27,47
2012,Kazakhstan,149,94,243
2012,Kenya,996,67,1063
2012,Kyrgyzstan,128,13,141
2012,Kiribati,5,0,5
2012,Rep. of Korea,282,92,374
2012,Dem. People's Rep. of Korea,119,822,941
2012,Kuwait,64,16,80
2012,Lao People's Dem. Rep.,6,5,11
2012,Liberia,120,11,131
2012,Libya,241,106,347
2012,Saint Lucia,551,512,1063
2012,Lebanon,1104,167,1271
2012,Lesotho,5,0,5
2012,Sri Lanka,13705,1189,14894
2012,Lithuania,103,68,171
2012,Latvia,44,84,128
2012,Madagascar,10,11,21
2012,Mauritania,299,23,322
2012,North Macedonia,97,32,129
2012,Rep. of Moldova,187,54,241
2012,Mexico,5995,1372,7367
2012,Mali,99,48,147
2012,Malaysia,214,28,242
2012,Malawi,23,0,23
2012,Montenegro,14,6,20
2012,Mongolia,127,24,151
2012,Morocco,169,76,245
2012,Mozambique,6,0,6
2012,Mauritius,6,6,12
2012,Myanmar,276,11,287
2012,Namibia,38,550,588
2012,Nepal,1128,60,1188
2012,Netherlands (Kingdom of the),34,23,57
2012,Niger,69,12,81
2012,Nicaragua,138,54,192
2012,Nigeria,3990,677,4667
2012,Norway,0,5,5
2012,Oman,12,0,12
2012,Pakistan,11605,1186,12791
2012,Panama,47,26,73
2012,Paraguay,48,5,53
2012,Peru,1905,178,2083
2012,Philippines,322,104,426
2012,Poland,359,259,618
2012,Portugal,12,39,51
2012,Qatar,5,5,10
2012,Romania,690,511,1201
2012,South Africa,35,34,69
2012,Russian Federation,1756,288,2044
2012,Rwanda,1654,124,1778
2012,El Salvador,1122,631,1753
2012,Saudi Arabia,131,33,164
2012,Senegal,183,67,250
2012,Seychelles,10,0,10
2012,Singapore,27,10,37
2012,Sierra Leone,206,13,219
2012,Solomon Islands,39,0,39
2012,Somalia,3459,387,3846
2012,Spain,16,65,81
2012,Serbia and Kosovo: S/RES/1244 (1999),400,175,575
2012,Viet Nam,148,25,173
2012,Stateless,1738,5,1743
2012,Saint Kitts and Nevis,10,20,30
2012,Sudan,1100,105,1205
2012,Suriname,9,0,9
2012,Slovakia,22,534,556
2012,Slovenia,9,12,21
2012,Eswatini,39,61,100
2012,Sweden,5,15,20
2012,Switzerland,11,5,16
2012,Syrian Arab Rep.,533,404,937
2012,United Rep. of Tanzania,513,30,543
2012,Turks and Caicos Islands,0,9,9
2012,Thailand,35,15,50
2012,Tajikistan,50,13,63
2012,Turkmenistan,18,5,23
2012,Togo,251,25,276
2012,Trinidad and Tobago,241,46,287
2012,Tunisia,204,111,315
2012,Türkiye,3838,534,4372
2012,United Arab Emirates,28,7,35
2012,Uganda,809,57,866
2012,Unknown,87,106,193
2012,Ukraine,1737,310,2047
2012,Uruguay,139,28,167
2012,United States of America,4045,363,4408
2012,Uzbekistan,274,42,316
2012,Saint Vincent and the Grenadines,1305,486,1791
2012,Venezuela (Bolivarian Republic of),797,175,972
2012,Yemen,240,36,276
2012,Zambia,56,6,62
2012,Zimbabwe,4341,67,4408
2013,Afghanistan,2700,385,3085
2013,Albania,1706,431,2137
2013,Algeria,443,174,617
2013,Angola,650,20,670
2013,Antigua and Barbuda,45,28,73
2013,Egypt,638,214,852
2013,Argentina,239,11,250
2013,Armenia,190,16,206
2013,Australia,6,5,11
2013,Austria,0,5,5
2013,Azerbaijan,550,20,570
2013,Bahrain,6,8,14
2013,Barbados,63,34,97
2013,Burundi,2278,125,2403
2013,Belgium,16,8,24
2013,Benin,46,6,52
2013,Bangladesh,1764,245,2009
2013,Bahamas,23,17,40
2013,Bhutan,22,0,22
2013,Burkina Faso,146,10,156
2013,Belarus,268,12,280
2013,Bolivia (Plurinational State of),152,7,159
2013,Botswana,149,69,218
2013,Brazil,177,25,202
2013,Bosnia and Herzegovina,85,21,106
2013,Bulgaria,813,38,851
2013,Belize,7,0,7
2013,Cambodia,186,51,237
2013,Central African Rep.,64,5,69
2013,Chad,519,29,548
2013,China,15344,2470,17814
2013,Chile,130,13,143
2013,Cameroon,932,151,1083
2013,Congo,265,28,293
2013,Dem. Rep. of the Congo,3874,315,4189
2013,Comoros,5,0,5
2013,Colombia,17381,806,18187
2013,Costa Rica,267,8,275
2013,Cuba,1674,147,1821
2013,Czechia,238,88,326
2013,Denmark,6,0,6
2013,Djibouti,289,114,403
2013,Dominica,30,5,35
2013,Dominican Rep.,167,64,231
2013,Ecuador,216,29,245
2013,Equatorial Guinea,12,5,17
2013,Eritrea,1676,183,1859
2013,Estonia,14,0,14
2013,Ethiopia,2163,153,2316
2013,Fiji,273,5,278
2013,Finland,0,5,5
2013,France,36,16,52
2013,Gabon,55,5,60
2013,Gambia,72,29,101
2013,Palestinian,682,53,735
2013,United Kingdom of Great Britain and Northern Ireland,69,10,79
2013,Georgia,485,109,594
2013,Germany,90,10,100
2013,Ghana,361,95,456
2013,Guinea-Bissau,20,0,20
2013,Greece,18,79,97
2013,Grenada,304,21,325
2013,Guatemala,864,153,1017
2013,Guinea,839,115,954
2013,Guyana,640,46,686
2013,Haiti,7872,348,8220
2013,"China, Hong Kong SAR",19,34,53
2013,Honduras,679,234,913
2013,Croatia,70,869,939
2013,Hungary,765,1902,2667
2013,Cote d'Ivoire,423,56,479
2013,India,4988,1008,5996
2013,Indonesia,358,18,376
2013,Ireland,7,15,22
2013,Iran (Islamic Rep. of),3033,309,3342
2013,Iraq,1730,205,1935
2013,Israel,687,143,830
2013,Italy,17,38,55
2013,Jamaica,621,233,854
2013,Jordan,414,65,479
2013,Japan,26,14,40
2013,Kazakhstan,149,73,222
2013,Kenya,1019,56,1075
2013,Kyrgyzstan,120,9,129
2013,Kiribati,5,0,5
2013,Rep. of Korea,280,45,325
2013,Dem. People's Rep. of Korea,127,710,837
2013,Kuwait,51,26,77
2013,Lao People's Dem. Rep.,6,0,6
2013,Liberia,134,5,139
2013,Libya,230,70,300
2013,Saint Lucia,697,244,941
2013,Lebanon,1103,152,1255
2013,Lesotho,5,0,5
2013,Sri Lanka,12326,863,13189
2013,Lithuania,108,38,146
2013,Latvia,55,34,89
2013,Madagascar,16,11,27
2013,Mauritania,294,19,313
2013,North Macedonia,100,12,112
2013,Rep. of Moldova,198,32,230
2013,Mexico,6512,450,6962
2013,Mali,87,39,126
2013,Malaysia,193,16,209
2013,Malawi,28,0,28
2013,Montenegro,18,5,23
2013,Mongolia,127,22,149
2013,Morocco,173,39,212
2013,Mozambique,6,0,6
2013,Mauritius,7,6,13
2013,Myanmar,283,6,289
2013,Namibia,106,254,360
2013,Nepal,1212,49,1261
2013,Netherlands (Kingdom of the),34,12,46
2013,Niger,81,6,87
2013,Nicaragua,132,14,146
2013,Nigeria,4441,691,5132
2013,Norway,5,0,5
2013,Oman,15,0,15
2013,Pakistan,10641,858,11499
2013,Panama,48,10,58
2013,Paraguay,47,0,47
2013,Peru,1757,98,1855
2013,Philippines,321,57,378
2013,Poland,325,133,458
2013,Portugal,12,26,38
2013,Qatar,5,0,5
2013,Romania,577,325,902
2013,South Africa,45,22,67
2013,Russian Federation,1527,200,1727
2013,Rwanda,1655,96,1751
2013,El Salvador,1223,355,1578
2013,Saudi Arabia,135,28,163
2013,Senegal,197,55,252
2013,Seychelles,10,0,10
2013,Singapore,28,7,35
2013,Sierra Leone,187,9,196
2013,Solomon Islands,39,0,39
2013,Somalia,3225,306,3531
2013,Spain,20,33,53
2013,Serbia and Kosovo: S/RES/1244 (1999),418,122,540
2013,Viet Nam,132,23,155
2013,Stateless,1708,0,1708
2013,Saint Kitts and Nevis,12,21,33
2013,Sudan,905,100,1005
2013,Suriname,8,0,8
2013,Slovakia,30,364,394
2013,Slovenia,9,11,20
2013,Eswatini,71,30,101
2013,Sweden,5,5,10
2013,Switzerland,11,0,11
2013,Syrian Arab Rep.,592,435,1027
2013,United Rep. of Tanzania,421,26,447
2013,Turks and Caicos Islands,0,5,5
2013,Thailand,38,5,43
2013,Tibetan,58,0,58
2013,Tajikistan,54,12,66
2013,Turkmenistan,21,5,26
2013,Togo,248,25,273
2013,Trinidad and Tobago,244,30,274
2013,Tunisia,202,79,281
2013,Türkiye,3464,345,3809
2013,United Arab Emirates,28,13,41
2013,Uganda,844,46,890
2013,Unknown,70,60,130
2013,Ukraine,1605,243,1848
2013,Uruguay,126,7,133
2013,United States of America,4451,205,4656
2013,Uzbekistan,273,39,312
2013,Saint Vincent and the Grenadines,1524,223,1747
2013,Venezuela (Bolivarian Republic of),837,105,942
2013,Yemen,251,43,294
2013,Zambia,60,5,65
2013,Zimbabwe,3969,47,4016
2014,Afghanistan,2704,190,2894
2014,Albania,1530,80,1610
2014,Algeria,346,53,399
2014,Angola,445,13,458
2014,Antigua and Barbuda,48,6,54
2014,Egypt,684,97,781
2014,Argentina,191,5,196
2014,Armenia,189,0,189
2014,Australia,6,0,6
2014,Azerbaijan,455,5,460
2014,Bahrain,10,0,10
2014,Barbados,82,7,89
2014,Burundi,2114,49,2163
2014,Belgium,16,0,16
2014,Benin,50,12,62
2014,Bangladesh,1483,164,1647
2014,Bahamas,26,13,39
2014,Bhutan,22,0,22
2014,Burkina Faso,136,10,146
2014,Belarus,227,5,232
2014,Bolivia (Plurinational State of),126,5,131
2014,Botswana,218,0,218
2014,Brazil,172,7,179
2014,Bosnia and Herzegovina,83,10,93
2014,Bulgaria,668,8,676
2014,Belize,9,0,9
2014,Cambodia,162,10,172
2014,Central African Rep.,67,9,76
2014,Chad,474,45,519
2014,China,13231,680,13911
2014,Chile,124,0,124
2014,Cameroon,985,82,1067
2014,Congo,229,21,250
2014,Dem. Rep. of the Congo,3544,180,3724
2014,Comoros,5,0,5
2014,Colombia,16428,274,16702
2014,Costa Rica,229,0,229
2014,Cuba,1618,82,1700
2014,Czechia,254,59,313
2014,Denmark,6,0,6
2014,Djibouti,310,29,339
2014,Dominica,23,0,23
2014,Dominican Rep.,169,18,187
2014,Ecuador,208,14,222
2014,Equatorial Guinea,11,5,16
2014,Eritrea,1750,116,1866
2014,Estonia,15,0,15
2014,Ethiopia,2155,108,2263
2014,Fiji,157,5,162
2014,France,36,5,41
2014,Gabon,56,5,61
2014,Gambia,78,14,92
2014,Palestinian,634,42,676
2014,United Kingdom of Great Britain and Northern Ireland,63,0,63
2014,Georgia,474,51,525
2014,Germany,87,0,87
2014,Ghana,352,50,402
2014,Guinea-Bissau,18,0,18
2014,Greece,24,5,29
2014,Grenada,294,5,299
2014,Guatemala,907,34,941
2014,Guinea,700,32,732
2014,Guyana,563,5,568
2014,Haiti,8422,205,8627
2014,"China, Hong Kong SAR",20,0,20
2014,Honduras,808,74,882
2014,Croatia,88,38,126
2014,Hungary,828,246,1074
2014,Cote d'Ivoire,431,17,448
2014,India,4292,187,4479
2014,Indonesia,336,0,336
2014,Ireland,7,6,13
2014,Iran (Islamic Rep. of),2834,86,2920
2014,Iraq,1643,295,1938
2014,Israel,628,18,646
2014,Italy,16,22,38
2014,Jamaica,733,78,811
2014,Jordan,402,36,438
2014,Japan,23,5,28
2014,Kazakhstan,135,5,140
2014,Kenya,937,19,956
2014,Kyrgyzstan,96,8,104
2014,Kiribati,5,0,5
2014,Rep. of Korea,239,5,244
2014,Dem. People's Rep. of Korea,126,5,131
2014,Kuwait,38,0,38
2014,Lao People's Dem. Rep.,5,0,5
2014,Liberia,153,6,159
2014,Libya,243,89,332
2014,Saint Lucia,906,18,924
2014,Lebanon,1024,66,1090
2014,Lesotho,6,0,6
2014,Sri Lanka,10745,126,10871
2014,Lithuania,91,0,91
2014,Latvia,68,0,68
2014,Madagascar,16,5,21
2014,Mauritania,265,9,274
2014,North Macedonia,100,0,100
2014,Rep. of Moldova,195,0,195
2014,Mexico,6762,15,6777
2014,Mali,73,30,103
2014,Malaysia,149,0,149
2014,Malawi,31,0,31
2014,Montenegro,19,0,19
2014,Mongolia,130,16,146
2014,Morocco,168,16,184
2014,Mozambique,6,0,6
2014,Mauritius,5,0,5
2014,Myanmar,264,5,269
2014,Namibia,207,0,207
2014,Nepal,1223,22,1245
2014,Netherlands (Kingdom of the),38,6,44
2014,Niger,84,0,84
2014,Nicaragua,141,0,141
2014,Nigeria,4683,362,5045
2014,Norway,5,0,5
2014,Oman,14,0,14
2014,Pakistan,8613,330,8943
2014,Panama,40,6,46
2014,Paraguay,43,0,43
2014,Peru,1505,5,1510
2014,Philippines,301,8,309
2014,Poland,259,10,269
2014,Portugal,10,0,10
2014,Qatar,8,0,8
2014,Romania,460,11,471
2014,South Africa,51,13,64
2014,Russian Federation,1315,40,1355
2014,Rwanda,1647,30,1677
2014,El Salvador,1301,65,1366
2014,Saudi Arabia,119,10,129
2014,Senegal,216,27,243
2014,Seychelles,10,0,10
2014,Singapore,29,0,29
2014,Sierra Leone,158,0,158
2014,Solomon Islands,39,0,39
2014,Somalia,2821,204,3025
2014,Spain,22,5,27
2014,Serbia and Kosovo: S/RES/1244 (1999),429,41,470
2014,Viet Nam,126,0,126
2014,Stateless,1583,83,1666
2014,Saint Kitts and Nevis,15,7,22
2014,Sudan,671,48,719
2014,Suriname,8,0,8
2014,Slovakia,39,296,335
2014,Slovenia,9,0,9
2014,Eswatini,101,0,101
2014,Sweden,5,0,5
2014,Switzerland,11,0,11
2014,Syrian Arab Rep.,705,184,889
2014,United Rep. of Tanzania,320,6,326
2014,Thailand,36,5,41
2014,Tibetan,58,0,58
2014,Tajikistan,59,0,59
2014,Turkmenistan,22,0,22
2014,Togo,224,11,235
2014,Trinidad and Tobago,264,17,281
2014,Tunisia,199,28,227
2014,Türkiye,2863,111,2974
2014,United Arab Emirates,31,0,31
2014,Uganda,804,27,831
2014,Unknown,59,9783,9842
2014,Ukraine,1468,158,1626
2014,Uruguay,106,0,106
2014,United States of America,4687,59,4746
2014,Uzbekistan,271,9,280
2014,Saint Vincent and the Grenadines,1723,33,1756
2014,Venezuela (Bolivarian Republic of),849,92,941
2014,Yemen,239,30,269
2014,Zambia,60,0,60
2014,Zimbabwe,2767,37,2804
2015,Afghanistan,2890,368,3258
2015,Albania,1243,135,1378
2015,Algeria,355,45,400
2015,Angola,226,9,235
2015,Antigua and Barbuda,51,7,58
2015,Egypt,752,101,853
2015,Argentina,85,6,91
2015,Armenia,180,0,180
2015,Australia,6,0,6
2015,Azerbaijan,291,20,311
2015,Bahrain,15,7,22
2015,Barbados,95,16,111
2015,Burundi,2074,186,2260
2015,Belgium,16,12,28
2015,Benin,46,10,56
2015,Bangladesh,1112,204,1316
2015,Bahamas,31,47,78
2015,Bhutan,22,0,22
2015,Burkina Faso,124,10,134
2015,Belarus,182,5,187
2015,Bolivia (Plurinational State of),105,5,110
2015,Botswana,284,0,284
2015,Brazil,124,30,154
2015,Bosnia and Herzegovina,64,0,64
2015,Bulgaria,432,5,437
2015,Belize,10,0,10
2015,Cambodia,153,0,153
2015,Central African Rep.,53,6,59
2015,Chad,415,67,482
2015,China,11415,1068,12483
2015,Chile,102,18,120
2015,Cameroon,1103,126,1229
2015,Congo,201,60,261
2015,Dem. Rep. of the Congo,3316,219,3535
2015,Comoros,5,0,5
2015,Colombia,13666,457,14123
2015,Costa Rica,190,0,190
2015,Cuba,1512,48,1560
2015,Czechia,259,83,342
2015,Denmark,6,0,6
2015,Djibouti,350,45,395
2015,Dominica,18,0,18
2015,Dominican Rep.,172,16,188
2015,Ecuador,176,5,181
2015,Equatorial Guinea,8,0,8
2015,Eritrea,1811,149,1960
2015,Estonia,10,0,10
2015,Ethiopia,2047,206,2253
2015,Fiji,127,0,127
2015,Finland,5,0,5
2015,France,42,9,51
2015,Gabon,47,0,47
2015,Gambia,82,16,98
2015,Palestinian,534,96,630
2015,United Kingdom of Great Britain and Northern Ireland,60,0,60
2015,Georgia,449,98,547
2015,Germany,81,0,81
2015,Ghana,301,79,380
2015,Guinea-Bissau,15,6,21
2015,Greece,24,10,34
2015,Grenada,239,5,244
2015,Guatemala,935,38,973
2015,Guinea,648,32,680
2015,Guyana,391,31,422
2015,Haiti,8807,205,9012
2015,"China, Hong Kong SAR",28,5,33
2015,Honduras,889,80,969
2015,Croatia,96,19,115
2015,Hungary,973,597,1570
2015,Cote d'Ivoire,398,23,421
2015,India,3712,338,4050
2015,Indonesia,308,13,321
2015,Ireland,5,6,11
2015,Iran (Islamic Rep. of),2639,107,2746
2015,Iraq,1892,351,2243
2015,Israel,494,19,513
2015,Italy,18,42,60
2015,Jamaica,813,120,933
2015,Jordan,383,64,447
2015,Japan,23,5,28
2015,Kazakhstan,114,13,127
2015,Kenya,815,41,856
2015,Kyrgyzstan,82,22,104
2015,Rep. of Korea,174,11,185
2015,Dem. People's Rep. of Korea,126,0,126
2015,Kuwait,38,0,38
2015,Lao People's Dem. Rep.,5,0,5
2015,Liberia,139,5,144
2015,Libya,230,255,485
2015,Saint Lucia,992,17,1009
2015,Lebanon,867,126,993
2015,Lesotho,6,0,6
2015,Sri Lanka,8807,159,8966
2015,Lithuania,62,0,62
2015,Latvia,62,0,62
2015,Madagascar,16,0,16
2015,Mauritania,248,33,281
2015,North Macedonia,92,0,92
2015,Rep. of Moldova,179,5,184
2015,Mexico,6414,57,6471
2015,Mali,74,84,158
2015,Malaysia,91,0,91
2015,Malawi,29,0,29
2015,Montenegro,21,5,26
2015,Mongolia,131,18,149
2015,Morocco,167,25,192
2015,Mozambique,6,0,6
2015,Mauritius,5,5,10
2015,Myanmar,223,5,228
2015,Namibia,282,0,282
2015,Nepal,1304,74,1378
2015,Netherlands (Kingdom of the),44,0,44
2015,Niger,85,5,90
2015,Nicaragua,142,5,147
2015,Nigeria,4502,623,5125
2015,Norway,0,5,5
2015,Oman,13,0,13
2015,Pakistan,7207,546,7753
2015,Panama,39,10,49
2015,Paraguay,42,0,42
2015,Peru,1080,27,1107
2015,Philippines,277,15,292
2015,Poland,175,17,192
2015,Portugal,9,8,17
2015,Qatar,6,0,6
2015,Romania,334,5,339
2015,South Africa,52,21,73
2015,Russian Federation,1178,66,1244
2015,Rwanda,1620,47,1667
2015,El Salvador,1403,106,1509
2015,Saudi Arabia,101,27,128
2015,Senegal,241,27,268
2015,Seychelles,9,5,14
2015,Singapore,27,5,32
2015,Sierra Leone,121,8,129
2015,Solomon Islands,39,0,39
2015,Somalia,2531,413,2944
2015,Spain,25,7,32
2015,Serbia and Kosovo: S/RES/1244 (1999),398,37,435
2015,Viet Nam,114,5,119
2015,Stateless,1503,124,1627
2015,Saint Kitts and Nevis,20,5,25
2015,Sudan,509,61,570
2015,Suriname,8,0,8
2015,Slovakia,63,502,565
2015,Slovenia,9,0,9
2015,Eswatini,134,0,134
2015,Sweden,5,5,10
2015,Switzerland,11,0,11
2015,Syrian Arab Rep.,1513,235,1748
2015,United Rep. of Tanzania,257,23,280
2015,Thailand,33,9,42
2015,Tibetan,58,0,58
2015,Tajikistan,53,5,58
2015,Turkmenistan,18,0,18
2015,Togo,188,17,205
2015,Trinidad and Tobago,243,11,254
2015,Tunisia,199,26,225
2015,Türkiye,1991,248,2239
2015,United Arab Emirates,29,5,34
2015,Uganda,713,54,767
2015,Unknown,88,8406,8494
2015,Ukraine,1314,236,1550
2015,Uruguay,73,0,73
2015,United States of America,4573,91,4664
2015,Uzbekistan,271,27,298
2015,Saint Vincent and the Grenadines,1778,32,1810
2015,Venezuela (Bolivarian Republic of),729,173,902
2015,Yemen,215,79,294
2015,Zambia,48,0,48
2015,Zimbabwe,2368,42,2410
2016,Afghanistan,3177,456,3633
2016,Albania,863,211,1074
2016,Algeria,360,70,430
2016,Angola,84,43,127
2016,Antigua and Barbuda,77,20,97
2016,Egypt,1155,244,1399
2016,Argentina,27,7,34
2016,Armenia,88,9,97
2016,Australia,0,5,5
2016,Austria,0,5,5
2016,Azerbaijan,164,170,334
2016,Bahrain,35,12,47
2016,Barbados,144,32,176
2016,Burundi,1715,418,2133
2016,Belgium,7,5,12
2016,Benin,50,10,60
2016,Bangladesh,799,290,1089
2016,Bahamas,113,65,178
2016,Bhutan,8,0,8
2016,Burkina Faso,92,9,101
2016,Belarus,99,11,110
2016,Bolivia (Plurinational State of),51,13,64
2016,Botswana,248,46,294
2016,Brazil,63,49,112
2016,Bosnia and Herzegovina,34,11,45
2016,Bulgaria,132,26,158
2016,Belize,13,5,18
2016,Cambodia,67,21,88
2016,Central African Rep.,64,5,69
2016,Chad,345,97,442
2016,China,7356,2110,9466
2016,Chile,49,36,85
2016,Cameroon,975,139,1114
2016,Congo,248,46,294
2016,Dem. Rep. of the Congo,1837,325,2162
2016,Colombia,8228,957,9185
2016,Costa Rica,20,5,25
2016,Cuba,869,72,941
2016,Czechia,382,193,575
2016,Djibouti,587,159,746
2016,Dominica,6,5,11
2016,Dominican Rep.,109,30,139
2016,Ecuador,61,28,89
2016,Equatorial Guinea,14,5,19
2016,Eritrea,1806,610,2416
2016,Estonia,7,0,7
2016,Ethiopia,1470,315,1785
2016,Fiji,62,6,68
2016,Finland,0,5,5
2016,France,7,13,20
2016,Gabon,23,12,35
2016,Gambia,73,41,114
2016,Palestinian,489,321,810
2016,United Kingdom of Great Britain and Northern Ireland,11,0,11
2016,Georgia,257,205,462
2016,Germany,9,9,18
2016,Ghana,269,120,389
2016,Guinea-Bissau,9,0,9
2016,Greece,13,19,32
2016,Grenada,67,13,80
2016,Guatemala,585,67,652
2016,Guinea,423,61,484
2016,Guyana,159,56,215
2016,Haiti,6774,387,7161
2016,"China, Hong Kong SAR",5,21,26
2016,Honduras,872,124,996
2016,Croatia,158,287,445
2016,Hungary,2473,1502,3975
2016,Cote d'Ivoire,254,27,281
2016,India,1144,597,1741
2016,Indonesia,121,30,151
2016,Ireland,0,6,6
2016,Iran (Islamic Rep. of),1986,288,2274
2016,Iraq,2421,678,3099
2016,Israel,202,75,277
2016,Italy,0,19,19
2016,Jamaica,832,180,1012
2016,Jordan,298,103,401
2016,Japan,0,7,7
2016,Kazakhstan,106,59,165
2016,Kenya,453,82,535
2016,Kyrgyzstan,63,17,80
2016,Rep. of Korea,98,26,124
2016,Dem. People's Rep. of Korea,485,313,798
2016,Kuwait,82,6,88
2016,Lao People's Dem. Rep.,5,0,5
2016,Liberia,82,13,95
2016,Libya,869,272,1141
2016,Saint Lucia,968,168,1136
2016,Lebanon,741,296,1037
2016,Sri Lanka,4648,788,5436
2016,Lithuania,22,14,36
2016,Latvia,72,13,85
2016,Madagascar,16,5,21
2016,Mauritania,124,56,180
2016,North Macedonia,48,8,56
2016,Rep. of Moldova,123,18,141
2016,Mexico,4102,300,4402
2016,Mali,125,51,176
2016,Malaysia,37,13,50
2016,Malawi,15,5,20
2016,Montenegro,36,5,41
2016,Mongolia,147,27,174
2016,Morocco,158,30,188
2016,Mozambique,0,5,5
2016,Mauritius,0,5,5
2016,Myanmar,70,5,75
2016,Namibia,358,59,417
2016,Nepal,566,144,710
2016,Netherlands (Kingdom of the),5,0,5
2016,Niger,54,7,61
2016,Nicaragua,80,7,87
2016,Nigeria,4068,1526,5594
2016,Norway,0,5,5
2016,Oman,8,0,8
2016,Pakistan,4564,1076,5640
2016,Panama,18,8,26
2016,Paraguay,22,0,22
2016,Peru,316,51,367
2016,Philippines,110,35,145
2016,Papua New Guinea,5,0,5
2016,Poland,129,47,176
2016,Portugal,5,14,19
2016,Qatar,10,0,10
2016,Romania,188,295,483
2016,South Africa,53,34,87
2016,Russian Federation,849,134,983
2016,Rwanda,1048,70,1118
2016,El Salvador,1230,213,1443
2016,Saudi Arabia,190,151,341
2016,Senegal,228,31,259
2016,Seychelles,5,0,5
2016,Singapore,13,6,19
2016,Sierra Leone,67,19,86
2016,Solomon Islands,37,0,37
2016,Somalia,2775,697,3472
2016,Spain,5,14,19
2016,Serbia and Kosovo: S/RES/1244 (1999),266,96,362
2016,Viet Nam,41,15,56
2016,South Sudan,7,5,12
2016,Stateless,163,0,163
2016,Saint Kitts and Nevis,38,9,47
2016,Sudan,465,334,799
2016,Suriname,8,0,8
2016,Slovakia,566,559,1125
2016,Slovenia,8,6,14
2016,Eswatini,134,26,160
2016,Sweden,0,5,5
2016,Syrian Arab Rep.,2757,380,3137
2016,United Rep. of Tanzania,132,51,183
2016,Turks and Caicos Islands,0,5,5
2016,Thailand,17,6,23
2016,Tajikistan,37,11,48
2016,Turkmenistan,5,5,10
2016,Togo,112,14,126
2016,Trinidad and Tobago,144,25,169
2016,Tunisia,180,26,206
2016,Türkiye,1609,998,2607
2016,United Arab Emirates,34,5,39
2016,Uganda,486,91,577
2016,Unknown,87,45,132
2016,Ukraine,1077,338,1415
2016,Uruguay,13,0,13
2016,United States of America,51,122,173
2016,Uzbekistan,165,49,214
2016,Saint Vincent and the Grenadines,1285,117,1402
2016,Venezuela (Bolivarian Republic of),963,355,1318
2016,Yemen,390,231,621
2016,Zambia,26,6,32
2016,Zimbabwe,1261,89,1350
2017,Afghanistan,3356,717,4073
2017,Albania,853,261,1114
2017,Algeria,390,240,630
2017,Angola,99,267,366
2017,Antigua and Barbuda,94,43,137
2017,Egypt,1329,734,2063
2017,Argentina,26,21,47
2017,Armenia,85,16,101
2017,Australia,0,5,5
2017,Austria,0,9,9
2017,Azerbaijan,297,424,721
2017,Bahrain,46,17,63
2017,Barbados,167,55,222
2017,Burundi,2022,591,2613
2017,Belgium,14,13,27
2017,Benin,54,23,77
2017,Bangladesh,905,578,1483
2017,Bahamas,194,169,363
2017,Bhutan,7,0,7
2017,Burkina Faso,95,52,147
2017,Belarus,95,20,115
2017,Bolivia (Plurinational State of),50,0,50
2017,Botswana,255,29,284
2017,Brazil,64,378,442
2017,Bosnia and Herzegovina,35,9,44
2017,Bulgaria,135,27,162
2017,Belize,16,7,23
2017,Cambodia,71,22,93
2017,Central African Rep.,70,11,81
2017,Chad,427,303,730
2017,China,7180,2216,9396
2017,Chile,52,97,149
2017,Cameroon,1039,297,1336
2017,Congo,281,89,370
2017,Dem. Rep. of the Congo,1816,668,2484
2017,Comoros,5,0,5
2017,Colombia,8049,1567,9616
2017,Costa Rica,15,12,27
2017,Cuba,836,100,936
2017,Cyprus,0,11,11
2017,Czechia,420,275,695
2017,Denmark,0,5,5
2017,Djibouti,801,477,1278
2017,Dominica,5,10,15
2017,Dominican Rep.,124,67,191
2017,Ecuador,59,29,88
2017,Equatorial Guinea,13,7,20
2017,Eritrea,2131,865,2996
2017,Estonia,5,0,5
2017,Ethiopia,1631,633,2264
2017,Fiji,60,10,70
2017,Finland,0,5,5
2017,France,10,23,33
2017,Gabon,36,11,47
2017,Gambia,82,56,138
2017,Palestinian,777,626,1403
2017,United Kingdom of Great Britain and Northern Ireland,11,0,11
2017,Georgia,276,297,573
2017,Germany,0,16,16
2017,Ghana,298,277,575
2017,Guinea-Bissau,9,5,14
2017,Greece,14,29,43
2017,Grenada,64,11,75
2017,Guatemala,554,225,779
2017,Guinea,442,132,574
2017,Guyana,148,102,250
2017,Haiti,6874,7097,13971
2017,"China, Hong Kong SAR",6,21,27
2017,Honduras,934,280,1214
2017,Croatia,204,219,423
2017,Hungary,2912,1463,4375
2017,Cote d'Ivoire,253,90,343
2017,India,1281,1767,3048
2017,Indonesia,119,56,175
2017,Ireland,0,10,10
2017,Iran (Islamic Rep. of),2197,647,2844
2017,Iraq,2792,890,3682
2017,Israel,181,110,291
2017,Italy,0,55,55
2017,Jamaica,893,238,1131
2017,Jordan,353,295,648
2017,Japan,0,10,10
2017,Kazakhstan,126,70,196
2017,Kenya,463,155,618
2017,Kyrgyzstan,61,24,85
2017,Rep. of Korea,102,33,135
2017,Dem. People's Rep. of Korea,484,409,893
2017,Kuwait,86,9,95
2017,Lao People's Dem. Rep.,5,0,5
2017,Liberia,91,30,121
2017,Libya,1118,405,1523
2017,Saint Lucia,967,141,1108
2017,Lebanon,838,402,1240
2017,Sri Lanka,4195,868,5063
2017,Lithuania,20,19,39
2017,Latvia,75,8,83
2017,Madagascar,16,10,26
2017,Mauritania,151,59,210
2017,North Macedonia,43,8,51
2017,Rep. of Moldova,121,21,142
2017,Mexico,3846,1408,5254
2017,Mali,142,92,234
2017,Malaysia,32,15,47
2017,Malawi,16,17,33
2017,Montenegro,19,10,29
2017,Mongolia,143,36,179
2017,Morocco,151,59,210
2017,Mauritius,5,8,13
2017,Myanmar,60,5,65
2017,Namibia,360,54,414
2017,Nepal,557,188,745
2017,Netherlands (Kingdom of the),5,18,23
2017,Niger,57,29,86
2017,Nicaragua,82,19,101
2017,Nigeria,4800,5632,10432
2017,Norway,0,5,5
2017,Oman,9,0,9
2017,Pakistan,4971,1991,6962
2017,Panama,16,23,39
2017,Paraguay,21,0,21
2017,Peru,252,108,360
2017,Philippines,96,64,160
2017,Papua New Guinea,5,0,5
2017,Poland,125,109,234
2017,Portugal,0,12,12
2017,Qatar,12,0,12
2017,Romania,193,228,421
2017,South Africa,58,111,169
2017,Russian Federation,877,202,1079
2017,Rwanda,1013,197,1210
2017,El Salvador,1354,629,1983
2017,Saudi Arabia,277,176,453
2017,Senegal,238,60,298
2017,Seychelles,5,0,5
2017,Singapore,15,5,20
2017,Sierra Leone,72,27,99
2017,Solomon Islands,28,0,28
2017,Somalia,3035,948,3983
2017,Spain,6,37,43
2017,Serbia and Kosovo: S/RES/1244 (1999),288,34,322
2017,Viet Nam,44,38,82
2017,South Sudan,12,0,12
2017,Stateless,307,207,514
2017,Saint Kitts and Nevis,40,11,51
2017,Sudan,802,609,1411
2017,Suriname,8,0,8
2017,Slovakia,696,664,1360
2017,Slovenia,5,9,14
2017,Eswatini,141,14,155
2017,Syrian Arab Rep.,3095,807,3902
2017,United Rep. of Tanzania,147,74,221
2017,Turks and Caicos Islands,0,5,5
2017,Thailand,17,8,25
2017,Tajikistan,44,11,55
2017,Turkmenistan,13,8,21
2017,Togo,110,47,157
2017,Trinidad and Tobago,135,26,161
2017,Tunisia,189,67,256
2017,Türkiye,2833,1778,4611
2017,United Arab Emirates,35,11,46
2017,Uganda,541,189,730
2017,Unknown,85,48,133
2017,Ukraine,1126,432,1558
2017,Uruguay,7,5,12
2017,United States of America,48,1939,1987
2017,Uzbekistan,172,69,241
2017,Saint Vincent and the Grenadines,1253,109,1362
2017,Venezuela (Bolivarian Republic of),1345,1059,2404
2017,Yemen,648,694,1342
2017,Zambia,28,13,41
2017,Zimbabwe,1146,142,1288
2018,Afghanistan,3603,769,4372
2018,Albania,911,239,1150
2018,Algeria,443,557,1000
2018,Angola,132,709,841
2018,Antigua and Barbuda,97,42,139
2018,Egypt,1764,1411,3175
2018,Argentina,20,35,55
2018,Armenia,83,21,104
2018,Austria,0,5,5
2018,Azerbaijan,427,373,800
2018,Bahrain,59,20,79
2018,Barbados,200,71,271
2018,Burundi,2194,893,3087
2018,Belgium,16,25,41
2018,Benin,65,50,115
2018,Bangladesh,1020,1098,2118
2018,Bahamas,231,295,526
2018,Bhutan,5,5,10
2018,Burkina Faso,95,110,205
2018,Belarus,94,11,105
2018,Bolivia (Plurinational State of),43,17,60
2018,Botswana,262,8,270
2018,Brazil,75,392,467
2018,Bosnia and Herzegovina,34,5,39
2018,Bulgaria,141,68,209
2018,Belize,19,10,29
2018,Cambodia,71,33,104
2018,Central African Rep.,73,31,104
2018,Chad,458,439,897
2018,China,7192,2378,9570
2018,Chile,51,144,195
2018,Cameroon,1116,491,1607
2018,Congo,300,169,469
2018,Dem. Rep. of the Congo,1846,1494,3340
2018,Comoros,5,5,10
2018,Colombia,7356,3206,10562
2018,Costa Rica,15,17,32
2018,Cuba,767,132,899
2018,Cyprus,7,10,17
2018,Czechia,414,174,588
2018,Denmark,0,18,18
2018,Djibouti,1083,291,1374
2018,Dominica,8,10,18
2018,Dominican Rep.,124,134,258
2018,Ecuador,54,56,110
2018,Equatorial Guinea,18,6,24
2018,Eritrea,2715,789,3504
2018,Estonia,5,0,5
2018,Ethiopia,1900,920,2820
2018,Fiji,54,5,59
2018,Finland,0,5,5
2018,France,10,49,59
2018,Gabon,36,34,70
2018,Gambia,91,96,187
2018,Palestinian,1120,998,2118
2018,United Kingdom of Great Britain and Northern Ireland,11,0,11
2018,Georgia,345,301,646
2018,Germany,0,25,25
2018,Ghana,352,293,645
2018,Guinea-Bissau,9,10,19
2018,Greece,14,23,37
2018,Grenada,54,5,59
2018,Guatemala,540,217,757
2018,Guinea,446,273,719
2018,Guyana,138,78,216
2018,Haiti,7141,7046,14187
2018,"China, Hong Kong SAR",6,5,11
2018,Honduras,996,334,1330
2018,Croatia,282,27,309
2018,Hungary,3524,569,4093
2018,Iceland,0,5,5
2018,Cote d'Ivoire,251,159,410
2018,India,1457,5522,6979
2018,Indonesia,130,52,182
2018,Ireland,0,28,28
2018,Iran (Islamic Rep. of),2538,2547,5085
2018,Iraq,3025,858,3883
2018,Israel,207,63,270
2018,Italy,5,110,115
2018,Jamaica,933,270,1203
2018,Jordan,453,567,1020
2018,Japan,0,8,8
2018,Kazakhstan,173,46,219
2018,Kenya,475,364,839
2018,Kyrgyzstan,71,15,86
2018,Rep. of Korea,98,20,118
2018,Dem. People's Rep. of Korea,478,0,478
2018,Kuwait,85,32,117
2018,Lao People's Dem. Rep.,5,0,5
2018,Liberia,91,56,147
2018,Libya,1330,483,1813
2018,Saint Lucia,994,25,1019
2018,Lebanon,886,479,1365
2018,Sri Lanka,3624,702,4326
2018,Lithuania,21,5,26
2018,Luxembourg,0,5,5
2018,Latvia,77,6,83
2018,Madagascar,19,16,35
2018,Mauritania,159,186,345
2018,North Macedonia,47,0,47
2018,Rep. of Moldova,126,5,131
2018,Mexico,3457,3813,7270
2018,Mali,163,145,308
2018,Malaysia,29,16,45
2018,Malawi,18,33,51
2018,Montenegro,21,0,21
2018,Mongolia,160,45,205
2018,Morocco,153,103,256
2018,Mozambique,0,8,8
2018,Malta,5,0,5
2018,Mauritius,8,11,19
2018,Myanmar,55,23,78
2018,Namibia,376,5,381
2018,Nepal,611,213,824
2018,Netherlands (Kingdom of the),5,30,35
2018,Niger,59,74,133
2018,Nicaragua,83,348,431
2018,Nigeria,5483,13049,18532
2018,Norway,0,5,5
2018,Oman,7,0,7
2018,Pakistan,5607,2901,8508
2018,Panama,20,24,44
2018,Paraguay,14,7,21
2018,Peru,224,185,409
2018,Philippines,94,75,169
2018,Papua New Guinea,5,0,5
2018,Poland,129,113,242
2018,Portugal,0,18,18
2018,Qatar,12,0,12
2018,Romania,216,1040,1256
2018,South Africa,67,216,283
2018,Russian Federation,904,222,1126
2018,Rwanda,936,464,1400
2018,El Salvador,1559,708,2267
2018,Saudi Arabia,375,269,644
2018,Senegal,248,210,458
2018,Seychelles,5,0,5
2018,Singapore,14,5,19
2018,Sierra Leone,82,38,120
2018,Solomon Islands,6,0,6
2018,Somalia,3245,766,4011
2018,Spain,6,59,65
2018,Serbia and Kosovo: S/RES/1244 (1999),322,64,386
2018,Viet Nam,53,58,111
2018,South Sudan,13,17,30
2018,Stateless,417,307,724
2018,Saint Kitts and Nevis,45,0,45
2018,Sudan,1173,735,1908
2018,Suriname,5,7,12
2018,Slovakia,1004,365,1369
2018,Slovenia,7,5,12
2018,Eswatini,148,0,148
2018,Sweden,0,14,14
2018,Syrian Arab Rep.,3558,803,4361
2018,United Rep. of Tanzania,162,121,283
2018,Thailand,14,7,21
2018,Tajikistan,52,20,72
2018,Turkmenistan,19,8,27
2018,Timor-Leste,0,5,5
2018,Togo,121,73,194
2018,Trinidad and Tobago,111,40,151
2018,Tunisia,189,120,309
2018,Türkiye,4241,1928,6169
2018,United Arab Emirates,39,10,49
2018,Uganda,559,518,1077
2018,Unknown,77,1586,1663
2018,Ukraine,1319,298,1617
2018,Uruguay,7,9,16
2018,United States of America,63,2507,2570
2018,Uzbekistan,181,32,213
2018,Saint Vincent and the Grenadines,1191,21,1212
2018,Venezuela (Bolivarian Republic of),1876,1674,3550
2018,Yemen,1089,689,1778
2018,Zambia,29,22,51
2018,Zimbabwe,1018,249,1267
2019,Afghanistan,2447,620,3067
2019,Albania,783,289,1072
2019,Algeria,449,909,1358
2019,Angola,226,1223,1449
2019,Antigua and Barbuda,104,44,148
2019,Egypt,2520,1172,3692
2019,Argentina,0,47,47
2019,Armenia,52,22,74
2019,Australia,0,5,5
2019,Austria,0,10,10
2019,Azerbaijan,548,250,798
2019,Bahrain,56,28,84
2019,Barbados,230,106,336
2019,Burundi,2486,654,3140
2019,Belgium,5,30,35
2019,Benin,51,63,114
2019,Bangladesh,1149,1399,2548
2019,Bahamas,310,418,728
2019,Bhutan,0,5,5
2019,Burkina Faso,93,153,246
2019,Belarus,54,23,77
2019,Bolivia (Plurinational State of),31,26,57
2019,Botswana,180,10,190
2019,Brazil,102,515,617
2019,Bosnia and Herzegovina,5,7,12
2019,Bulgaria,127,64,191
2019,Belize,19,10,29
2019,Cambodia,47,31,78
2019,Central African Rep.,51,39,90
2019,Chad,477,534,1011
2019,China,6060,2873,8933
2019,Chile,71,221,292
2019,Cameroon,946,709,1655
2019,Congo,259,199,458
2019,Dem. Rep. of the Congo,1033,2368,3401
2019,Comoros,5,5,10
2019,Colombia,4982,4801,9783
2019,Costa Rica,13,46,59
2019,Cuba,598,246,844
2019,Cyprus,0,11,11
2019,Czechia,370,127,497
2019,Denmark,5,20,25
2019,Djibouti,1130,159,1289
2019,Dominica,8,5,13
2019,Dominican Rep.,113,165,278
2019,Ecuador,44,110,154
2019,Equatorial Guinea,19,7,26
2019,Eritrea,2052,506,2558
2019,Estonia,5,5,10
2019,Ethiopia,1236,902,2138
2019,Fiji,19,7,26
2019,Finland,0,5,5
2019,France,0,65,65
2019,Gabon,33,44,77
2019,Gambia,85,124,209
2019,Palestinian,1470,1083,2553
2019,United Kingdom of Great Britain and Northern Ireland,0,5,5
2019,Georgia,335,312,647
2019,Germany,0,26,26
2019,Ghana,326,326,652
2019,Guinea-Bissau,9,5,14
2019,Greece,0,20,20
2019,Grenada,31,15,46
2019,Guatemala,444,263,707
2019,Guinea,368,382,750
2019,Guyana,126,68,194
2019,Haiti,6563,5365,11928
2019,"China, Hong Kong SAR",0,19,19
2019,Honduras,864,476,1340
2019,Croatia,268,22,290
2019,Hungary,3632,409,4041
2019,Iceland,0,5,5
2019,Cote d'Ivoire,158,253,411
2019,India,1374,9567,10941
2019,Indonesia,111,68,179
2019,Ireland,0,41,41
2019,Iran (Islamic Rep. of),3846,3370,7216
2019,Iraq,5,580,585
2019,Israel,190,70,260
2019,Italy,5,109,114
2019,Jamaica,879,342,1221
2019,Jordan,264,742,1006
2019,Japan,0,7,7
2019,Kazakhstan,153,71,224
2019,Kenya,161,584,745
2019,Kyrgyzstan,68,16,84
2019,Rep. of Korea,58,31,89
2019,Dem. People's Rep. of Korea,412,0,412
2019,Kuwait,0,45,45
2019,Lao People's Dem. Rep.,5,0,5
2019,Liberia,38,159,197
2019,Libya,1552,428,1980
2019,Saint Lucia,805,31,836
2019,Lebanon,683,582,1265
2019,Sri Lanka,2302,1075,3377
2019,Lithuania,21,0,21
2019,Latvia,73,7,80
2019,Madagascar,19,28,47
2019,Mauritania,144,210,354
2019,North Macedonia,19,6,25
2019,Rep. of Moldova,107,10,117
2019,Mexico,3051,6984,10035
2019,Mali,172,177,349
2019,Malaysia,0,18,18
2019,Malawi,10,93,103
2019,Mongolia,151,54,205
2019,Morocco,124,158,282
2019,Mozambique,0,11,11
2019,Malta,5,5,10
2019,Mauritius,11,18,29
2019,Myanmar,0,14,14
2019,Namibia,292,10,302
2019,Nepal,31,257,288
2019,Netherlands (Kingdom of the),8,36,44
2019,Niger,65,109,174
2019,Nicaragua,203,514,717
2019,Nigeria,6640,12828,19468
2019,Oman,0,5,5
2019,Pakistan,5498,3244,8742
2019,Panama,22,18,40
2019,Paraguay,20,6,26
2019,Peru,173,291,464
2019,Philippines,64,131,195
2019,Papua New Guinea,5,0,5
2019,Poland,76,125,201
2019,Portugal,5,23,28
2019,Qatar,5,0,5
2019,Romania,390,727,1117
2019,South Africa,0,220,220
2019,Russian Federation,735,207,942
2019,Rwanda,800,709,1509
2019,El Salvador,1547,700,2247
2019,Saudi Arabia,344,179,523
2019,Senegal,203,337,540
2019,Seychelles,5,0,5
2019,Singapore,12,10,22
2019,Sierra Leone,40,62,102
2019,Somalia,2253,621,2874
2019,Spain,11,54,65
2019,Serbia and Kosovo: S/RES/1244 (1999),240,64,304
2019,Viet Nam,0,93,93
2019,South Sudan,6,23,29
2019,Stateless,0,0,0
2019,Saint Kitts and Nevis,44,0,44
2019,Sudan,1399,856,2255
2019,Suriname,0,7,7
2019,Slovakia,1147,214,1361
2019,Slovenia,7,5,12
2019,Eswatini,120,9,129
2019,Sweden,0,6,6
2019,Syrian Arab Rep.,5,303,308
2019,United Rep. of Tanzania,117,198,315
2019,Thailand,0,5,5
2019,Tajikistan,39,27,66
2019,Turkmenistan,23,6,29
2019,Timor-Leste,5,5,10
2019,Togo,87,110,197
2019,Trinidad and Tobago,87,53,140
2019,Tunisia,171,149,320
2019,Türkiye,5876,1390,7266
2019,United Arab Emirates,0,14,14
2019,Uganda,536,756,1292
2019,Unknown,1533,9109,10642
2019,Ukraine,1199,307,1506
2019,Uruguay,0,12,12
2019,United States of America,0,2445,2445
2019,Uzbekistan,155,19,174
2019,Saint Vincent and the Grenadines,902,36,938
2019,Venezuela (Bolivarian Republic of),3067,1388,4455
2019,Yemen,1711,371,2082
2019,Zambia,6,31,37
2019,Zimbabwe,728,382,1110
2020,Afghanistan,2261,507,2768
2020,Albania,729,229,958
2020,Algeria,592,847,1439
2020,Angola,314,1225,1539
2020,Antigua and Barbuda,96,22,118
2020,Egypt,2940,756,3696
2020,Argentina,0,50,50
2020,Armenia,35,0,35
2020,Azerbaijan,622,117,739
2020,Bahrain,56,0,56
2020,Barbados,216,106,322
2020,Burundi,2796,294,3090
2020,Belgium,5,0,5
2020,Benin,48,69,117
2020,Bangladesh,1288,1292,2580
2020,Bahamas,353,554,907
2020,Burkina Faso,83,157,240
2020,Belarus,45,0,45
2020,Bolivia (Plurinational State of),21,30,51
2020,Botswana,144,0,144
2020,Brazil,116,508,624
2020,Bulgaria,109,42,151
2020,Belize,19,0,19
2020,Cambodia,42,26,68
2020,Central African Rep.,49,34,83
2020,Chad,577,410,987
2020,China,5916,1945,7861
2020,Chile,63,298,361
2020,Cameroon,964,611,1575
2020,Congo,259,179,438
2020,Dem. Rep. of the Congo,1039,2230,3269
2020,Colombia,4577,4501,9078
2020,Costa Rica,12,32,44
2020,Cuba,504,292,796
2020,Czechia,346,78,424
2020,Denmark,5,0,5
2020,Djibouti,1156,81,1237
2020,Dominica,6,0,6
2020,Dominican Rep.,107,156,263
2020,Ecuador,34,111,145
2020,Equatorial Guinea,18,0,18
2020,Eritrea,2151,275,2426
2020,Estonia,5,0,5
2020,Ethiopia,1420,599,2019
2020,Fiji,18,0,18
2020,France,0,33,33
2020,Gabon,32,39,71
2020,Gambia,79,98,177
2020,Palestinian,1777,754,2531
2020,Georgia,337,258,595
2020,Ghana,300,321,621
2020,Guinea-Bissau,8,0,8
2020,Grenada,24,0,24
2020,Guatemala,423,225,648
2020,Guinea,372,365,737
2020,Guyana,93,52,145
2020,Haiti,4587,4662,9249
2020,"China, Hong Kong SAR",0,27,27
2020,Honduras,905,421,1326
2020,Croatia,265,0,265
2020,Hungary,4261,275,4536
2020,Cote d'Ivoire,158,235,393
2020,India,1598,10116,11714
2020,Indonesia,97,56,153
2020,Ireland,0,33,33
2020,Iran (Islamic Rep. of),5085,2426,7511
2020,Iraq,70,394,464
2020,Israel,134,56,190
2020,Italy,5,76,81
2020,Jamaica,896,318,1214
2020,Jordan,377,611,988
2020,Kazakhstan,143,61,204
2020,Kenya,229,517,746
2020,Kyrgyzstan,64,0,64
2020,Rep. of Korea,46,0,46
2020,Dem. People's Rep. of Korea,370,0,370
2020,Kuwait,22,40,62
2020,Lao People's Dem. Rep.,5,0,5
2020,Liberia,27,178,205
2020,Libya,1719,258,1977
2020,Saint Lucia,688,22,710
2020,Lebanon,743,559,1302
2020,Sri Lanka,2065,1038,3103
2020,Lithuania,21,0,21
2020,Latvia,71,0,71
2020,Madagascar,15,21,36
2020,Mauritania,134,201,335
2020,North Macedonia,16,0,16
2020,Rep. of Moldova,82,0,82
2020,Mexico,3173,6770,9943
2020,Mali,194,158,352
2020,Malawi,10,74,84
2020,Mongolia,135,45,180
2020,Morocco,138,143,281
2020,Malta,5,0,5
2020,Mauritius,11,20,31
2020,Namibia,286,0,286
2020,Nepal,25,180,205
2020,Netherlands (Kingdom of the),8,0,8
2020,Niger,55,87,142
2020,Nicaragua,338,464,802
2020,Nigeria,8082,9148,17230
2020,Pakistan,6085,2741,8826
2020,Panama,21,0,21
2020,Paraguay,15,0,15
2020,Peru,112,303,415
2020,Philippines,60,124,184
2020,Poland,69,105,174
2020,Portugal,5,23,28
2020,Romania,423,526,949
2020,South Africa,0,215,215
2020,Russian Federation,675,153,828
2020,Rwanda,811,643,1454
2020,El Salvador,1540,570,2110
2020,Saudi Arabia,463,116,579
2020,Senegal,217,324,541
2020,Seychelles,5,0,5
2020,Singapore,10,0,10
2020,Sierra Leone,24,68,92
2020,Somalia,2039,377,2416
2020,Spain,11,28,39
2020,Serbia and Kosovo: S/RES/1244 (1999),205,41,246
2020,Viet Nam,0,96,96
2020,South Sudan,6,0,6
2020,Stateless,179,170,349
2020,Saint Kitts and Nevis,44,0,44
2020,Sudan,1776,549,2325
2020,Slovakia,1180,138,1318
2020,Slovenia,6,0,6
2020,Eswatini,101,0,101
2020,Syrian Arab Rep.,131,180,311
2020,United Rep. of Tanzania,138,160,298
2020,Tajikistan,33,0,33
2020,Turkmenistan,22,0,22
2020,Timor-Leste,5,0,5
2020,Togo,79,104,183
2020,Trinidad and Tobago,66,47,113
2020,Tunisia,164,146,310
2020,Türkiye,6387,974,7361
2020,United Arab Emirates,24,0,24
2020,Uganda,660,646,1306
2020,Unknown,4340,11619,15959
2020,Ukraine,1205,190,1395
2020,United States of America,12,1932,1944
2020,Uzbekistan,139,0,139
2020,Saint Vincent and the Grenadines,666,0,666
2020,Venezuela (Bolivarian Republic of),3524,1000,4524
2020,Yemen,1949,184,2133
2020,Zambia,0,28,28
2020,Zimbabwe,629,334,963
2021,Afghanistan,2263,399,2662
2021,Albania,749,183,932
2021,Algeria,872,615,1487
2021,Angola,594,816,1410
2021,Antigua and Barbuda,94,33,127
2021,Egypt,3339,335,3674
2021,Argentina,15,58,73
2021,Armenia,32,11,43
2021,Australia,0,7,7
2021,Austria,5,0,5
2021,Azerbaijan,723,52,775
2021,Bahrain,65,5,70
2021,Barbados,250,74,324
2021,Burundi,2870,191,3061
2021,Belgium,9,13,22
2021,Benin,60,65,125
2021,Bangladesh,1840,947,2787
2021,Bahamas,555,404,959
2021,Burkina Faso,116,117,233
2021,Belarus,46,12,58
2021,Bolivia (Plurinational State of),27,30,57
2021,Botswana,71,5,76
2021,Brazil,165,384,549
2021,Bosnia and Herzegovina,5,0,5
2021,Bulgaria,106,18,124
2021,Belize,19,6,25
2021,Cambodia,49,14,63
2021,Central African Rep.,53,32,85
2021,Chad,784,251,1035
2021,China,5925,1318,7243
2021,Chile,104,401,505
2021,Cameroon,1140,401,1541
2021,Congo,300,146,446
2021,Dem. Rep. of the Congo,1361,1602,2963
2021,Comoros,5,5,10
2021,Colombia,5835,3706,9541
2021,Costa Rica,13,52,65
2021,Cuba,458,297,755
2021,Cabo Verde,0,5,5
2021,Cyprus,5,5,10
2021,Czechia,324,66,390
2021,Denmark,8,8,16
2021,Djibouti,1154,36,1190
2021,Dominica,8,5,13
2021,Dominican Rep.,129,169,298
2021,Ecuador,54,114,168
2021,Equatorial Guinea,19,0,19
2021,Eritrea,2086,201,2287
2021,Estonia,6,5,11
2021,Ethiopia,1715,324,2039
2021,Fiji,0,6,6
2021,Finland,5,0,5
2021,France,0,53,53
2021,Gabon,41,39,80
2021,Gambia,101,77,178
2021,Palestinian,2374,242,2616
2021,United Kingdom of Great Britain and Northern Ireland,5,12,17
2021,Georgia,408,170,578
2021,Germany,0,19,19
2021,Ghana,372,285,657
2021,Guinea-Bissau,5,0,5
2021,Greece,0,13,13
2021,Grenada,10,9,19
2021,Guatemala,358,237,595
2021,Guinea,440,295,735
2021,Guyana,90,60,150
2021,Haiti,4295,3057,7352
2021,"China, Hong Kong SAR",17,24,41
2021,Honduras,975,336,1311
2021,Croatia,251,9,260
2021,Hungary,4290,173,4463
2021,Iceland,5,7,12
2021,Cote d'Ivoire,211,162,373
2021,India,2638,9722,12360
2021,Indonesia,106,37,143
2021,Ireland,5,24,29
2021,Iran (Islamic Rep. of),7134,1422,8556
2021,Iraq,123,157,280
2021,Israel,125,33,158
2021,Italy,5,66,71
2021,Jamaica,824,390,1214
2021,Jordan,697,368,1065
2021,Japan,0,5,5
2021,Kazakhstan,165,38,203
2021,Kenya,340,271,611
2021,Kyrgyzstan,70,5,75
2021,Rep. of Korea,33,29,62
2021,Dem. People's Rep. of Korea,255,17,272
2021,Kuwait,61,10,71
2021,Lao People's Dem. Rep.,5,0,5
2021,Liberia,64,107,171
2021,Libya,1862,142,2004
2021,Saint Lucia,419,23,442
2021,Lebanon,989,551,1540
2021,Lesotho,0,5,5
2021,Sri Lanka,2455,625,3080
2021,Lithuania,18,7,25
2021,Latvia,48,5,53
2021,Madagascar,20,20,40
2021,Mauritania,225,109,334
2021,North Macedonia,8,5,13
2021,Rep. of Moldova,45,7,52
2021,Mexico,3609,6212,9821
2021,Mali,238,145,383
2021,Malaysia,0,20,20
2021,Malawi,29,42,71
2021,Mongolia,149,24,173
2021,Morocco,155,160,315
2021,Malta,7,0,7
2021,Mauritius,13,16,29
2021,Myanmar,9,22,31
2021,Namibia,225,14,239
2021,Nepal,25,89,114
2021,Netherlands (Kingdom of the),10,11,21
2021,Niger,66,71,137
2021,Nicaragua,684,191,875
2021,Nigeria,10172,3847,14019
2021,Norway,0,7,7
2021,Pakistan,7171,1489,8660
2021,Panama,24,14,38
2021,Paraguay,9,6,15
2021,Peru,144,321,465
2021,Philippines,73,162,235
2021,Papua New Guinea,5,0,5
2021,Poland,72,88,160
2021,Portugal,5,26,31
2021,Qatar,5,0,5
2021,Romania,482,330,812
2021,South Africa,66,121,187
2021,Russian Federation,665,91,756
2021,Rwanda,995,422,1417
2021,El Salvador,1604,431,2035
2021,Saudi Arabia,552,70,622
2021,Senegal,277,200,477
2021,Seychelles,5,0,5
2021,Singapore,10,0,10
2021,Sierra Leone,28,61,89
2021,Somalia,1498,346,1844
2021,Spain,11,36,47
2021,Serbia and Kosovo: S/RES/1244 (1999),183,39,222
2021,Viet Nam,30,159,189
2021,South Sudan,19,14,33
2021,Stateless,400,98,498
2021,Saint Kitts and Nevis,36,6,42
2021,Sudan,2185,199,2384
2021,Suriname,0,5,5
2021,Slovakia,1207,119,1326
2021,Slovenia,6,5,11
2021,Eswatini,70,0,70
2021,Syrian Arab Rep.,190,164,354
2021,United Rep. of Tanzania,171,109,280
2021,Thailand,0,5,5
2021,Tajikistan,42,5,47
2021,Turkmenistan,29,0,29
2021,Timor-Leste,5,0,5
2021,Togo,102,80,182
2021,Trinidad and Tobago,51,37,88
2021,Tunisia,174,160,334
2021,Türkiye,7085,928,8013
2021,United Arab Emirates,14,27,41
2021,Uganda,974,267,1241
2021,Unknown,10016,10016,20032
2021,Ukraine,1228,98,1326
2021,Uruguay,5,18,23
2021,United States of America,53,1056,1109
2021,Uzbekistan,121,6,127
2021,Saint Vincent and the Grenadines,388,33,421
2021,Venezuela (Bolivarian Republic of),4108,748,4856
2021,Yemen,2127,76,2203
2021,Zambia,7,11,18
2021,Zimbabwe,590,142,732
2022,Afghanistan,987,1029,2016
2022,Albania,229,238,467
2022,Algeria,784,606,1390
2022,Angola,558,1211,1769
2022,Antigua and Barbuda,37,25,62
2022,Egypt,854,429,1283
2022,Argentina,17,77,94
2022,Armenia,8,31,39
2022,Australia,0,5,5
2022,Austria,0,5,5
2022,Azerbaijan,112,113,225
2022,Bahrain,17,7,24
2022,Barbados,216,202,418
2022,Burundi,740,387,1127
2022,Belgium,5,21,26
2022,Benin,50,66,116
2022,Bangladesh,1092,1195,2287
2022,Bahamas,603,788,1391
2022,Bhutan,5,0,5
2022,Burkina Faso,103,129,232
2022,Belarus,19,24,43
2022,Bolivia (Plurinational State of),30,40,70
2022,Botswana,7,6,13
2022,Brazil,153,1452,1605
2022,Bosnia and Herzegovina,6,0,6
2022,Bulgaria,68,25,93
2022,Belize,0,5,5
2022,Cambodia,23,12,35
2022,Central African Rep.,36,26,62
2022,Chad,496,378,874
2022,China,2154,1303,3457
2022,Chile,166,1857,2023
2022,Cameroon,631,573,1204
2022,Congo,131,315,446
2022,Dem. Rep. of the Congo,1213,2153,3366
2022,Comoros,5,0,5
2022,Colombia,4351,8946,13297
2022,Costa Rica,23,61,84
2022,Cuba,288,691,979
2022,Cabo Verde,0,5,5
2022,Cyprus,0,6,6
2022,Czechia,175,140,315
2022,Denmark,0,9,9
2022,Djibouti,183,56,239
2022,Dominica,5,5,10
2022,Dominican Rep.,110,204,314
2022,Ecuador,88,186,274
2022,Equatorial Guinea,6,7,13
2022,Eritrea,474,285,759
2022,Ethiopia,998,619,1617
2022,Fiji,5,18,23
2022,France,0,96,96
2022,Gabon,36,34,70
2022,Gambia,63,102,165
2022,Palestinian,615,382,997
2022,United Kingdom of Great Britain and Northern Ireland,6,59,65
2022,Georgia,205,324,529
2022,Germany,5,42,47
2022,Ghana,230,579,809
2022,Guinea-Bissau,5,13,18
2022,Greece,6,25,31
2022,Grenada,13,5,18
2022,Guatemala,230,292,522
2022,Guinea,307,311,618
2022,Guyana,46,60,106
2022,Haiti,2823,11975,14798
2022,"China, Hong Kong SAR",104,61,165
2022,Honduras,384,352,736
2022,Croatia,36,5,41
2022,Hungary,1582,831,2413
2022,Iceland,0,8,8
2022,Cote d'Ivoire,199,180,379
2022,India,5180,8698,13878
2022,Indonesia,53,47,100
2022,Ireland,5,27,32
2022,Iran (Islamic Rep. of),6377,3413,9790
2022,Iraq,504,314,818
2022,Israel,48,61,109
2022,Italy,17,117,134
2022,Jamaica,332,480,812
2022,Jordan,672,670,1342
2022,Japan,5,6,11
2022,Kazakhstan,52,29,81
2022,Kenya,483,401,884
2022,Kyrgyzstan,8,6,14
2022,Rep. of Korea,19,17,36
2022,Dem. People's Rep. of Korea,33,16,49
2022,Kuwait,28,15,43
2022,Liberia,107,93,200
2022,Libya,376,143,519
2022,Saint Lucia,49,27,76
2022,Lebanon,689,879,1568
2022,Sri Lanka,1471,1326,2797
2022,Lithuania,0,10,10
2022,Latvia,10,5,15
2022,Madagascar,20,13,33
2022,Mauritania,167,103,270
2022,North Macedonia,5,6,11
2022,Rep. of Moldova,9,12,21
2022,Mexico,4151,19765,23916
2022,Mali,120,161,281
2022,Malaysia,22,24,46
2022,Malawi,51,50,101
2022,Montenegro,0,8,8
2022,Mongolia,51,41,92
2022,Morocco,131,148,279
2022,Mozambique,7,5,12
2022,Malta,0,5,5
2022,Mauritius,7,20,27
2022,Myanmar,57,38,95
2022,Namibia,25,78,103
2022,Nepal,228,206,434
2022,Netherlands (Kingdom of the),5,45,50
2022,Niger,32,58,90
2022,Nicaragua,451,702,1153
2022,Nigeria,3693,3237,6930
2022,Norway,0,10,10
2022,Oman,0,13,13
2022,Pakistan,2775,2661,5436
2022,Panama,5,53,58
2022,Paraguay,8,7,15
2022,Peru,192,1106,1298
2022,Philippines,63,147,210
2022,Papua New Guinea,0,6,6
2022,Poland,129,77,206
2022,Portugal,12,59,71
2022,Qatar,0,10,10
2022,Romania,558,1070,1628
2022,South Africa,125,196,321
2022,Russian Federation,187,259,446
2022,Rwanda,701,565,1266
2022,El Salvador,630,369,999
2022,Saudi Arabia,229,107,336
2022,Senegal,181,325,506
2022,Singapore,0,5,5
2022,Sierra Leone,37,84,121
2022,Somalia,623,311,934
2022,Spain,6,71,77
2022,Serbia and Kosovo: S/RES/1244 (1999),57,47,104
2022,Viet Nam,105,242,347
2022,South Sudan,19,17,36
2022,Stateless,442,317,759
2022,Saint Kitts and Nevis,10,5,15
2022,Sudan,564,583,1147
2022,Suriname,0,10,10
2022,Slovakia,361,172,533
2022,Slovenia,0,5,5
2022,Eswatini,10,11,21
2022,Sweden,5,19,24
2022,Syrian Arab Rep.,512,500,1012
2022,United Rep. of Tanzania,184,168,352
2022,Thailand,10,18,28
2022,Tajikistan,15,27,42
2022,Turkmenistan,7,0,7
2022,Togo,80,104,184
2022,Trinidad and Tobago,48,77,125
2022,Tunisia,92,148,240
2022,Türkiye,2346,8932,11278
2022,United Arab Emirates,16,34,50
2022,Uganda,700,685,1385
2022,Unknown,5,5320,5325
2022,Ukraine,75098,196,75294
2022,Uruguay,6,20,26
2022,United States of America,197,1435,1632
2022,Uzbekistan,24,52,76
2022,Saint Vincent and the Grenadines,57,36,93
2022,Venezuela (Bolivarian Republic of),1497,2104,3601
2022,Western Sahara,5,0,5
2022,Yemen,450,452,902
2022,Zambia,23,25,48
2022,Zimbabwe,309,562,871